8080808080808080808181818181818080808080818181818181818181818181818181818181818181818181818181818181818181818181808080808080808080808080808080808080808080808080
81818181818181818181222281808080808081222222222222222222222222222222222281818181818181818181818181818181818181808080808080
812222222818122228181818181818122222222818181818181818181812222281818181818181222222222222222222222281808080808080
812222222222222222222222222222818080808080808080812222281808080808081281818181818181818181818181818181818122281818181818080
81222222281812222818181818181812222222281808080808080808081818128181818080808080812818080808080812222228180808081222818122818080
8122222228181222281808080808081818181818181818181808080808080808080818128181818181818181812818181818181812222228180808081818181818122818080
81222222281812222818080808080808080808080808080808080808080808080808122222222222222222222222228180808080808080808122818080
8181812818181818181222281808080808080808080808080808080808080808080808080812222228181818181281818181818181818128181818180808080808080808122818080
80808128180808080818181281818080808080808080808080808080808080808080808080808122222281808081812818080808081818181281818080808080808080808081812818080
808081281808080808081812818080808080808080808080808080808080808080818181818181222222818080812281808080808122222818181818181818181818181812818080
8080812818080808080818128181818181818181818181818181818181818181818122281818181818181818181818122818181818181222228181818181818181228181812818080
80808128180808080808122222222222222222222222222222222222222222818122222222222222222228181812818080
8080812818080808080812222222281818181818181818181818181818181222818181818181818181818181228181228181222228181818181818181228181812818080
808081281808080808081812818181818181818080808080808080808080808080812228180808080808080808080812281812281812222281808080808080812818181812818080
808081281808080808080812818080808080808080808181818181818180808080818181818180808080808080808080818181818122818181818128181808080808080812818081812818180
8080812818181818181818128181818181818181818181222228180808080808080808080818181818181818180808080808181818180808081281808081818181808128180812228180
80808128122222222222222222222222281808080808080808080808122222281808080808181818181818181812818181812281818128181812228180
808081281222818181812818181818181818181818181818128181808080808080808080808122222281808080808122222222222222222222222228180
80808128181281818181812818181818080808080808080808128180808080808080808080808122222281808080808122222281812818181812281818128181812228180
8080812818128180812222228180808080808080808081281808080808080808080808081222222818080808081818181812818181281808081228180812818081812818180
808081281812818081222222818080808080818181818128181818181818181818181818122222281808080808080808081281808128180808181818180812818080812818181
80808128181281808122222281808080808081222222222222222222222222818080808080808080812818081281808080808080808128180808122281
81818128181281808122222281808080808081222222818181818181818181818181222222818080808080808080812818081281808080808080808128180808122281
812228181281808122222281808080808081222222818080808080808080808081222222818080808080808080812818081281808080808080808128180808122281
812228181281808122222281808080808081222222818080808080808080808081818181818181818080808080808080812818081281808080808080808128180808122281
812228181281818122222281808080808081222222818080808080808080808080808080808080808080808080808080812818081281808080808080808128180808122281
81222818122818122222281808080808081818181818181818080808080808080808080808080808080818181818181818181812818181281818181818181818128181808122281
812228181228181281818181818180808080808080808080808080808080808080808080808080808080808081222222222222222222222222281808122281
81818181818122818128180808080808080808080808081818181818080808080808080808080808080808080808122222281818128181812818181818181818122281808122281
80808080808122818128180808080808080808080808081222818181818181818181818181818181818181818122222281808128180812818181808080808181818181808181818181
8080808080812281812818181818181818181818181818122222222222222222222222222222818181281808122281808080808080808080808080808080
8080808080812222222222222222222222818181818181818181818181818181818181818122222281812281818181818181818181818181818181818181808080
8080808080818181818128181818181818181818181818181222818181818181818181808080808080808080808181818181818181812222222222222222222281808080
8080808080808080818128181818181808080808080808081818181818122222281818181818181818181808080808080808080818181818181818181818181812222222281808080
80808080808080808122222281818181818181818181818181818122222222222222281808080808080808080808080808080808080808080812222222281808080
80808080808080808122222222222222222222222222281818181818122281818181818181818181818181818181818181818181812222222281808080
808080808080808081818181818181818181818181818181818181818181222222818080808081222222222222222222222222222222232281808080
80808080808080808080808080808080808080808080808080808080808181818181818181808080808122281818181818181818181812222228181818181812222222281808080
80808080808080808080808080808080808080808080808080808080808080808080808080808080808181818181808080808080808080818181818181818180808080812222222281808080
8080808080808080808080808080808080808080808080808080808080808080808080808080808080808080808080808080808080808080808080808080808080808081818181818181818181808080
